123456
123456789
1234567890
12345678
12345
111111
000000
123123
121212
123321
654321
666666
112233
789456
159753
101010
222222
333333
444444
555555
777777
888888
999999
123654
321321
147258
258369
000123
100200
121314
696969
909090
111222
222333
555666
4321
2000
1989
202020
314159
8675309
987654
135790
246810
112211
223322
334433
445544
556655
667766
778877
889988
990099
101112
202122
303132
404142
505152
606162
707172
808182
909192
12344321
100000
200000
300000
400000
500000
600000
700000
800000
900000
111000
222000
333000
444000
555000
666000
777000
888000
999000
110011
220022
330033
440044
550055
660066
770077
880088
990099
10101010
112358
314159
271828
161803
1234321
135531
246642
987789
456654
321123
741852
852963
369258
963147
741963
159357
357159
